# ----- Rotor performance tables for the WEIS Turbine wind turbine ----- 
# ------------ Written on May-23-26 using the ROSCO toolbox ------------ 

# Pitch angle vector, 10 entries - x axis (matrix columns) (deg)
-5.0   -1.111   2.778   6.667   10.56   14.44   18.33   22.22   26.11   30.0   
# TSR vector, 10 entries - y axis (matrix rows) (-)
2.0    3.111    4.222    5.333    6.444    7.556    8.667    9.778    10.89    12.0    
# Wind speed vector - z axis (m/s)
9.146    

# Power coefficient

-0.002420   0.004512   0.011744   0.019599   0.028978   0.040003   0.048578   0.051563   0.048973   0.042179   
0.005079   0.031228   0.062435   0.092570   0.106674   0.104102   0.090261   0.069380   0.043647   0.014387   
0.048684   0.122040   0.172901   0.183481   0.166298   0.133651   0.091105   0.041791   -0.012595   -0.069675   
0.157906   0.254925   0.274350   0.248587   0.198967   0.134181   0.058470   -0.025568   -0.116264   -0.193396   
0.310185   0.367853   0.350046   0.292798   0.211610   0.111402   -0.003600   -0.132241   -0.262661   -0.343552   
0.418802   0.441758   0.402482   0.322061   0.208907   0.068511   -0.095445   -0.280884   -0.445540   -0.535061   
0.422570   0.471558   0.437451   0.340693   0.193859   0.005696   -0.219651   -0.472553   -0.664530   -0.796597   
0.372568   0.450436   0.457165   0.351028   0.167351   -0.078373   -0.379580   -0.708166   -0.928047   -1.146423   
0.303297   0.406171   0.460194   0.353965   0.129121   -0.185660   -0.578552   -0.989178   -1.249381   -1.598649   
0.212271   0.352922   0.443772   0.349658   0.078357   -0.318414   -0.819468   -1.318558   -1.642889   -2.165415   


#  Thrust coefficient

0.082003   0.078050   0.073984   0.070563   0.068943   0.069493   0.069993   0.067143   0.060297   0.050397   
0.123850   0.122594   0.127187   0.135202   0.136144   0.124918   0.104999   0.079825   0.051246   0.020437   
0.200149   0.217805   0.233889   0.225922   0.195986   0.154001   0.104867   0.051616   -0.003699   -0.057906   
0.329864   0.361375   0.350219   0.301597   0.234116   0.156296   0.072989   -0.012393   -0.096981   -0.159480   
0.512148   0.516339   0.455263   0.361846   0.252952   0.135442   0.014546   -0.107251   -0.216337   -0.259638   
0.715718   0.659519   0.547064   0.408726   0.256021   0.095817   -0.067415   -0.229825   -0.348791   -0.350660   
0.891022   0.784387   0.628689   0.445999   0.247008   0.039578   -0.171678   -0.375256   -0.487718   -0.441995   
1.043148   0.887599   0.703157   0.476447   0.227679   -0.032398   -0.297537   -0.539135   -0.631305   -0.543575   
1.195591   0.983959   0.771038   0.501460   0.198796   -0.119658   -0.444092   -0.718137   -0.780160   -0.660106   
1.353482   1.084122   0.831397   0.521718   0.160715   -0.221899   -0.610041   -0.910638   -0.936626   -0.792822   


# Torque coefficient

-0.001217   0.002269   0.005905   0.009855   0.014571   0.020114   0.024426   0.025927   0.024625   0.021209   
0.001642   0.010094   0.020182   0.029922   0.034481   0.033650   0.029176   0.022426   0.014109   0.004651   
0.011595   0.029067   0.041181   0.043701   0.039608   0.031833   0.021699   0.009954   -0.003000   -0.016595   
0.029774   0.048068   0.051731   0.046873   0.037517   0.025301   0.011025   -0.004821   -0.021922   -0.036466   
0.048404   0.057402   0.054624   0.045690   0.033021   0.017384   -0.000562   -0.020636   -0.040988   -0.053610   
0.055742   0.058798   0.053570   0.042866   0.027805   0.009119   -0.012704   -0.037385   -0.059301   -0.071216   
0.049033   0.054717   0.050760   0.039532   0.022494   0.000661   -0.025487   -0.054833   -0.077109   -0.092433   
0.038318   0.046327   0.047019   0.036103   0.017212   -0.008061   -0.039040   -0.072834   -0.095449   -0.117909   
0.028011   0.037512   0.042501   0.032690   0.011925   -0.017147   -0.053432   -0.091355   -0.115386   -0.147643   
0.017789   0.029576   0.037190   0.029302   0.006567   -0.026684   -0.068674   -0.110499   -0.137679   -0.181469   

